0,278
509,4
509,3
509,2
509,1
509,0
508,3
508,2
0,9
508,1
508,0
479,1
479,3
478,1
478,3
24,1
24,3
0,273
0,270
507,35
10,16
10,218
10,290
10,178
10,132
10,280
10,6
10,256
11,22
8,15
8,16
502,4
502,3
502,2
502,1
500,3
500,1
496,4
496,3
496,2
496,1
492,3
492,1
491,4
491,3
491,1
476,4
476,3
476,1
20,3
20,2
20,1
12,3
12,2
12,1
11,29
11,28
11,27
11,26
11,25
11,24
11,23
11,21
11,19
11,18
11,17
11,16
11,15
19,2
19,1
11,14
11,10
11,8
11,7
11,6
11,5
11,4
11,3
19,3
11,2
11,1
10,308
10,281
10,275
10,269
10,262
10,255
10,229
10,227
10,209
10,201
10,195
10,184
10,183
10,171
18,1
10,156
10,152
18,3
10,141
10,133
14,1
10,126
14,3
13,1
10,124
10,106
13,3
10,101
10,98
10,88
10,79
10,76
10,64
10,20
10,15
10,4
10,3
10,2
10,1
